0.44364822157252987,0.0,0.10924520590483737,0.10924520590483737
0.0,0.4372841044304889,0.10714703903391742,0.10714703903391742
0.8984356972772684,0.4611092390645563,0.0977709512583512,0.0977709512583512
0.4399436782455301,0.9075114190777194,0.09989790177367174,0.09248858092228063
0.0,0.5517774328991217,0.08900545745624391,0.08900545745624391
0.554282505817931,0.0,0.0868758251299214,0.0868758251299214
0.5438892094857852,0.9168180956929379,0.08411016330122721,0.08318190430706207
0.34614473437258453,0.0,0.08273886961270295,0.08273886961270295
0.0,0.32481486231907636,0.08240096443355653,0.08240096443355653
0.9202197097492801,0.36432069589894645,0.07978029025071987,0.0829582340655284
0.4663173985242561,0.820552063320737,0.0801445200826806,0.0801445200826806
0.8153080740736506,0.46300983769149573,0.07973374158376488,0.07973374158376488
0.918238236501699,0.5743273287033539,0.07795452050846939,0.07795452050846939
0.11410515722311806,0.45582635231949176,0.07749001229834511,0.07749001229834511
0.3449794605449422,0.9275860422549611,0.0797340129863615,0.07241395774503889
0.47108786200457275,0.12122083564050842,0.07547394406285894,0.07547394406285894
0.2715129255904045,0.0,0.06982631226472956,0.06982631226472956
0.0,0.6580825067689969,0.06968889018681781,0.06968889018681781
0.8478047322738094,0.3844843734676479,0.06888966543435439,0.06888966543435439
0.6711372674021695,0.0,0.06660314821271938,0.06660314821271938
0.0,0.2584363570009069,0.06636856983756385,0.06636856983756385
0.9283282538921991,0.29407002043058095,0.06622657684361473,0.06622657684361473
0.39401610360739764,0.1108395625347796,0.06507081573961973,0.06507081573961973
0.3954830219574049,0.820669827836238,0.0645450075089617,0.0645450075089617
0.6316674407207017,0.9097773109684096,0.06399601255011952,0.06399601255011952
0.5625524254607421,0.8406208035556847,0.06398721073534362,0.06398721073534362
0.09037608880391042,0.36652740367477415,0.06358054021363077,0.06358054021363077
0.47925566686495524,0.7530256537664741,0.06307538426702489,0.06307538426702489
0.5537084088837532,0.11247682978547133,0.06254500522249566,0.06254500522249566
0.11285558382850779,0.554261664361383,0.06238189669136677,0.06238189669136677
0.848062519324026,0.5784859990564657,0.062185815658959386,0.062185815658959386
0.7454755630258706,0.459871061463296,0.061635450758962824,0.061635450758962824
0.26784859387452753,0.9394958619966974,0.06217336326950612,0.060504138003302566
0.9210215125075206,0.655865234587948,0.06124814065733438,0.06124814065733438
0.20573869072653164,0.4651658094031109,0.060032802451968924,0.060032802451968924
0.48635172145524486,0.2009709266756804,0.05884580287239193,0.05884580287239193
0.3365042028366852,0.8536441253766928,0.05754333679023169,0.05754333679023169
0.7846544141181258,0.39929482016645335,0.05587424188648747,0.05587424188648747
0.6976712186484141,0.948109591861949,0.058126001590585376,0.051890408138051014
0.5505789031572186,0.7850847516337656,0.05474620270570141,0.05474620270570141
0.21160175958852714,0.0,0.05441959640386513,0.05441959640386513
0.16632198866718934,0.39908484201001065,0.05437645760211162,0.05437645760211162
0.7779598148910264,0.546936367449857,0.05400747388962345,0.05400747388962345
0.0,0.7419213591774971,0.05396295705698291,0.05396295705698291
0.6453041651156035,0.07000375747234516,0.05394817370798111,0.05394817370798111
0.85611561259841,0.317995772026278,0.053225418539119974,0.053225418539119974
0.3109414943260974,0.08518420868536314,0.052890352273649466,0.052890352273649466
0.19813875061557182,0.5256589447731058,0.052462400933734256,0.052462400933734256
0.41801304592914856,0.7528539039108698,0.052351860301929065,0.052351860301929065
0.09172135683048893,0.3135537497237932,0.05205775679050817,0.05205775679050817
0.9485988524894037,0.7277144876318867,0.05140114751059632,0.051856649674650146
0.40577269529868276,0.1877884087561581,0.051241450161899196,0.051241450161899196
0.9524277631702297,0.22603633768738193,0.0475722368297703,0.05439737956524133
0.6267591076881608,0.8425981169551389,0.05078636812917986,0.05078636812917986
0.5507826919838967,0.18378557731066933,0.05057747116611918,0.05057747116611918
0.7449489046021587,0.0,0.05028400676350213,0.05028400676350213
0.07685867151189638,0.6599431167105952,0.05018658890203882,0.05018658890203882
0.21474455544972829,0.9517760270993785,0.051181608717038654,0.048223972900621526
0.8708401721752682,0.6654554952455816,0.04856866934263688,0.04856866934263688
0.0,0.19212939557030284,0.04851106458933097,0.04851106458933097
0.6967861496886377,0.45901654645982853,0.048295837058198,0.048295837058198
0.2634316869592089,0.8912946810909288,0.04800603765133128,0.04800603765133128
0.4777931323024205,0.2746694664481294,0.04744583170495224,0.04744583170495224
0.2751505984150978,0.4747718436501577,0.047346060852384075,0.047346060852384075
0.6993529396115471,0.8967652723353693,0.04687747974766089,0.04687747974766089
0.9034992745767793,0.2465987914214293,0.04675987563852876,0.04675987563852876
0.45408740680005727,0.6955034417238439,0.046623308244780545,0.046623308244780545
0.7992154341424381,0.6036970376916303,0.04647571519312578,0.04647571519312578
0.8092312964764168,0.3379659548418101,0.045978836497216374,0.045978836497216374
0.5052539410358042,0.6969423129965704,0.045663244306420075,0.045663244306420075
0.72526671360827,0.5344212771521839,0.045484430682981455,0.045484430682981455
0.3308129918427134,0.14148441158008074,0.04516265689283872,0.04516265689283872
0.07821572756065538,0.2653697036112633,0.04470135367742286,0.04470135367742286
0.1389167514963141,0.630055758852918,0.044556475566182724,0.044556475566182724
0.6287297435729698,0.14139195170681254,0.044355359738649645,0.044355359738649645
0.6100131509932586,0.7949879784987505,0.044239086463383565,0.044239086463383565
0.3404160007155332,0.799740401403808,0.044083100499202686,0.044083100499202686
0.19539894281106354,0.5784145758058107,0.04370926346136065,0.04370926346136065
0.2528258675807916,0.07091354423684115,0.04358943122537216,0.04358943122537216
0.7606513271977176,0.9608523817748342,0.047469056987653205,0.03914761822516577
0.1659529305387567,0.0,0.042942546268571996,0.042942546268571996
0.957387414702707,0.17788037393931963,0.04261258529729295,0.04276685010276097
0.1772883713163072,0.35464559108544785,0.042623147837345644,0.042623147837345644
0.07008566470282421,0.7126486435842552,0.04214805956016372,0.04214805956016372
0.429207249267139,0.2542762791109047,0.04210846257110445,0.04210846257110445
0.8970702993158768,0.7231285084230541,0.04189862596161423,0.04189862596161423
0.23224520907757953,0.40596767213237084,0.041852099501141715,0.041852099501141715
0.36118422421366764,0.18876756346718734,0.041575097001012994,0.041575097001012994
0.2523111299920558,0.5339362573019137,0.04153324485725818,0.04153324485725818
0.5569861676590027,0.7266518961624076,0.04099153614791398,0.04099153614791398
0.7063912443417218,0.08373838955421656,0.04085382310599266,0.04085382310599266
0.7973284876384367,0.0,0.04054528598206861,0.04054528598206861
0.8166173345081236,0.6518500933477849,0.03995241006256239,0.03995241006256239
0.7290872014540837,0.3954221312734479,0.03987015517519752,0.03987015517519752
0.6068975654266275,0.18993489666345378,0.03968077880020667,0.03968077880020667
0.9612817168122981,0.7935770184841142,0.038718283187701874,0.04057553882741093
0.0,0.8132143145913258,0.03963359816957454,0.03963359816957454
0.682421715919189,0.5198322703209141,0.039490429859570436,0.039490429859570436
0.46892609801435053,0.6538362706749442,0.03939978824629855,0.03939978824629855
0.21121528908893017,0.9113600335221645,0.0393494264257688,0.0393494264257688
0.0,0.1484665057872097,0.03898089493494297,0.03898089493494297
0.6756542229172037,0.125476787085832,0.038928501253119085,0.038928501253119085
0.5533706512879705,0.2499187016320963,0.038550775344678025,0.038550775344678025
0.36838151475919634,0.7506964967501717,0.03840778169449901,0.03840778169449901
0.15234671608514555,0.3084737764958286,0.03811955094293471,0.03811955094293471
0.7534540111208566,0.05454287729627201,0.03772692195784364,0.03772692195784364
0.410318155822538,0.7060548090507635,0.03767945274731619,0.03767945274731619
0.8555287534511473,0.2607258236431219,0.03764757705049377,0.03764757705049377
0.2767681602617437,0.8392392053020656,0.037581015790029496,0.037581015790029496
0.3288302788874707,0.4812605282028862,0.03733533888466591,0.03733533888466591
0.15621481217353303,0.9641945325546304,0.0387662407719383,0.03580546744536961
0.8083720576585116,0.958508941478823,0.03684884259666771,0.03684884259666771
0.7640294883887057,0.3491507620748934,0.036819820128170255,0.036819820128170255
0.48461305561526247,0.3307931678067022,0.036430233756185926,0.036430233756185926
0.060598570981623454,0.7557973273652777,0.03625703335455691,0.03625703335455691
0.6426717499869804,0.4958538657431107,0.03614477646449056,0.03614477646449056
0.9093405116694234,0.20113695877953838,0.03609210146473537,0.03609210146473537
0.7581531102377836,0.612120558152389,0.03597818235606807,0.03597818235606807
0.6120232918569855,0.7562243653462957,0.035589667075601274,0.035589667075601274
0.2851469075353151,0.4286626406867204,0.035444284435495306,0.035444284435495306
0.13070092745318918,0.0,0.03512107276729058,0.03512107276729058
0.5123294946712713,0.6539346352306092,0.035038986542114625,0.035038986542114625
0.07316377903253182,0.21254070184223386,0.034566310177896284,0.034566310177896284
0.8362133958979399,0.6971744378801925,0.034494617019038235,0.034494617019038235
0.9088260842273947,0.7705658368318073,0.03432942755058486,0.03432942755058486
0.8097855314954328,0.2932247841901916,0.03408158345934504,0.03408158345934504
0.3916955790429839,0.2548681532648147,0.034025480186012744,0.034025480186012744
0.8408823820960375,0.0,0.033881524690532884,0.033881524690532884
0.6793354057248822,0.42258185003420184,0.033787279037790795,0.033787279037790795
0.14933905238247697,0.6815106997815064,0.033727502472114326,0.033727502472114326
0.19145202763293717,0.05699362273914403,0.03352293496637828,0.03352293496637828
0.7828143960460677,0.916860148078442,0.03343539807540267,0.03343539807540267
0.2310032873065615,0.3645423184539005,0.0333279063432095,0.0333279063432095
0.2026982975160902,0.6315509865545914,0.03313255934810964,0.03313255934810964
0.5399461267697175,0.295670041554459,0.032893344535527703,0.032893344535527703
0.24876724782764456,0.1174706216067239,0.03285222042431853,0.03285222042431853
0.04092872005195259,0.7964444359709422,0.03258585874660079,0.03258585874660079
0.5568534461746781,0.6867276016128521,0.032550468803362556,0.032550468803362556
0.1730953446648472,0.9231274401185285,0.03225405295761814,0.03225405295761814
0.8693508246737743,0.2267650301845896,0.03222526226740684,0.03222526226740684
0.32727454387333105,0.19915014913272414,0.032179288506951544,0.032179288506951544
0.70620307097163,0.8342803712158269,0.0321692982556211,0.0321692982556211
0.4791405647135074,0.6163516978544655,0.03205736116349381,0.03205736116349381
0.6890725695490126,0.5621558770842057,0.031923096166289765,0.031923096166289765
0.9539555672377269,0.14070320979011952,0.031832946679159785,0.031832946679159785
0.30675451541707804,0.5357180766819427,0.03169341987176192,0.03169341987176192
0.1414648654140988,0.26703534484555297,0.031637521256848135,0.031637521256848135
0.2527093201869689,0.5907363283471949,0.031523127828255525,0.031523127828255525
0.3275310217153799,0.7657195556539429,0.03145379145091313,0.03145379145091313
0.6009055262735045,0.24301808024936583,0.03143948165968044,0.03143948165968044
0.44220587736645367,0.3178274968004543,0.03138463889936577,0.03138463889936577
0.6101711424066915,0.48590421692388697,0.03136099570582833,0.03136099570582833
0.2293923887251055,0.8625759563075537,0.031108552697778753,0.031108552697778753
0.05744794005400303,0.1803057838479082,0.031062084340588388,0.031062084340588388
0.9651544791802236,0.8425697996560846,0.031004137448329513,0.031004137448329513
0.727261106697635,0.6059643771905948,0.030730921991053553,0.030730921991053553
0.7764916520119867,0.6557093759821517,0.030621789928352513,0.030621789928352513
0.1269135429669845,0.7223966982048354,0.030496780919145046,0.030496780919145046
0.0,0.11318227011929105,0.03047826079792947,0.03047826079792947
0.806228086866377,0.04324247112215573,0.030468724295355864,0.030468724295355864
0.291367309003226,0.1729276368901777,0.0301248485937943,0.0301248485937943
0.3549963285263486,0.2366443384577846,0.030106248423321352,0.030106248423321352
0.8524097086729737,0.7347183618406352,0.02996610482963736,0.02996610482963736
0.3258735583507155,0.443328714092329,0.029916001133065077,0.029916001133065077
0.7541779029396609,0.0991709407353626,0.029789995733474378,0.029789995733474378
0.20538710865368326,0.3214807179056467,0.02962717350634539,0.02962717350634539
0.6496554866822615,0.5350976538254332,0.029301386135329524,0.029301386135329524
0.43709211159421485,0.6477171368155373,0.029180978793277215,0.029180978793277215
0.8553838393278954,0.9690686802418128,0.029116196578503457,0.029116196578503457
0.6733515626774665,0.7870086351844432,0.029110306009848305,0.029110306009848305
0.36249580224453753,0.7212111583408527,0.028884189776812275,0.028884189776812275
0.6474511453537433,0.2131404303801953,0.028522464274519776,0.028522464274519776
0.7290787774296156,0.13169860451890444,0.028489946818353325,0.028489946818353325
0.36952898915789456,0.49175256085215213,0.028401713693976094,0.028401713693976094
0.10536948194474074,0.7563406341289178,0.0283267114761045,0.0283267114761045
0.9151278391273896,0.16635772115597594,0.02828608173620646,0.02828608173620646
0.7622684501374412,0.31911358926302846,0.02825820892446053,0.02825820892446053
0.6306257175295026,0.4503248838700122,0.028142045017775737,0.028142045017775737
0.924307684802292,0.8156325876124013,0.02805346945072364,0.02805346945072364
0.001958137875734657,0.8617608554588077,0.027975143158426016,0.027975143158426016
0.28519455399802374,0.7948811966777566,0.027906493032067204,0.027906493032067204
0.24891734314462155,0.8302751043856806,0.02766866524698885,0.02766866524698885
0.8748860294049894,0.768461037572625,0.02757615002371637,0.02757615002371637
0.8043344900210788,0.6989800323395755,0.02734905543644663,0.02734905543644663
0.044388275157158694,0.1494883197227037,0.027295086264591564,0.027295086264591564
0.15091037307972505,0.04667674882680855,0.027111290761066345,0.027111290761066345
0.4733199526648437,0.3695238467272747,0.027018479110763705,0.027018479110763705
0.7049882572498856,0.16458680229155148,0.02695028843750294,0.02695028843750294
0.34437215120548903,0.5257977966881858,0.026846178594022135,0.026846178594022135
0.07498394201614564,0.7954216281433614,0.026804942961950847,0.026804942961950847
0.974408528284543,0.1061275202550398,0.025591471715456948,0.028030427404977423
0.7533908481930186,0.8554263512980087,0.02664499885019586,0.02664499885019586
0.6229332662027868,0.7236827771786003,0.02637219872366786,0.02637219872366786
0.18963351835111236,0.6846504035304447,0.02612620284336007,0.02612620284336007
0.5927192890688986,0.6921512436190714,0.026092702798717945,0.026092702798717945
0.3839034297664841,0.6893438911093694,0.0260679505756148,0.0260679505756148
0.10605530020940246,0.9670328716054093,0.026025099976838325,0.026025099976838325
0.7972991668512596,0.0786151713756078,0.025840867973581087,0.025840867973581087
0.09121326747949622,0.0,0.025731009621528172,0.025731009621528172
0.8294267892421773,0.9271255490425266,0.025725036670502785,0.025725036670502785
0.8825653128889456,0.18936413724624135,0.025713116246226513,0.025713116246226513
0.5295416257623049,0.6270169902084952,0.025677647359559377,0.025677647359559377
0.7081742005043347,0.36358383729772126,0.02566696378347081,0.02566696378347081
0.4128212023811691,0.3156176238429587,0.025619992861990303,0.025619992861990303
0.9745699762496801,0.8766430883968329,0.025430023750319886,0.025773429938372835
0.5830632298942356,0.2942975367617923,0.02558773234434976,0.02558773234434976
0.4494859074934258,0.6219183810441371,0.025571717429511656,0.025571717429511656
0.1258760079678624,0.22192662015621106,0.025375411764650174,0.025375411764650174
0.1736862305135044,0.8962932842901504,0.02518809966124282,0.02518809966124282
0.2454544814025258,0.6347791257566129,0.02508496409548579,0.02508496409548579
0.7487266639506464,0.6541776014682601,0.02505688497083779,0.02505688497083779
0.6577789011573647,0.7521901314228361,0.025027646342263832,0.025027646342263832
0.6752871263294747,0.39383579388822004,0.024957463107833172,0.024957463107833172
0.8440968439089747,0.22480235081697747,0.02489722542110118,0.02489722542110118
0.19464110412304617,0.28837762107897025,0.024884518035302516,0.024884518035302516
0.4791218776058784,0.5896937634078784,0.024874728734195623,0.024874728734195623
0.32872886429006964,0.7399154904446814,0.024828610211286718,0.024828610211286718
0.2672957056213426,0.36071457897857256,0.02481713565251138,0.02481713565251138
0.25245270078727355,0.15931599996467727,0.02475727781870016,0.02475727781870016
0.301768876860235,0.20929699149566985,0.024616249163116725,0.024616249163116725
0.21671475735476192,0.12465516601356647,0.024528788393186507,0.024528788393186507
0.12485509632089843,0.9415943817840532,0.024237643621778132,0.024237643621778132
0.05311905908659311,0.832483548731641,0.02414534943306364,0.02414534943306364
0.8438066202038876,0.042227261363309336,0.024069873350311317,0.024069873350311317
0.5528636272044163,0.33317461430228784,0.024069110328783044,0.024069110328783044
0.0,0.0848450421716956,0.024017640698102388,0.024017640698102388
0.8035824762817928,0.26201970508560046,0.024009510497347217,0.024009510497347217
0.6126735695912499,0.5230721013966712,0.024007341729397197,0.024007341729397197
0.28917821935634463,0.598077220703283,0.02385609161635871,0.02385609161635871
0.5860559813363867,0.49726683189611687,0.02383502289950017,0.02383502289950017
0.3200078708243914,0.5675800710644183,0.023797901347103963,0.023797901347103963
0.3289077111229884,0.24169235796791147,0.023501170291860322,0.023501170291860322
0.09354091964341009,0.18072807348412614,0.023495188313937522,0.023495188313937522
0.7407618355660526,0.826926031916725,0.023278186260514883,0.023278186260514883
0.8867143654451398,0.004156956043087681,0.02322328573243006,0.02322328573243006
0.16564946038676395,0.7256866837813488,0.02314193833965099,0.02314193833965099
0.607110591379752,0.45526289125453395,0.0231401891637698,0.0231401891637698
0.6945819013275013,0.6094405910588268,0.023061199355026287,0.023061199355026287
0.5199158056046776,0.3728575017208152,0.022890424201227572,0.022890424201227572
0.9458878555353205,0.11483754398890873,0.02269644574714511,0.02269644574714511
0.5596495731180178,0.6430465645076993,0.022691173442659973,0.022691173442659973
0.3684986398290117,0.45159980946948247,0.02262842017319315,0.02262842017319315
0.23666994139000497,0.3194972286447192,0.02257032094552836,0.02257032094552836
0.2959209475940438,0.7642227722029022,0.022539829525553556,0.022539829525553556
0.22178728659749883,0.6733140257004717,0.022483006183383582,0.022483006183383582
0.6846057055515149,0.21061788786696783,0.02246160608659352,0.02246160608659352
0.38154186066775775,0.29946409726053047,0.022411322926962643,0.022411322926962643
0.4054187252907523,0.6536283405313507,0.02224455741295044,0.02224455741295044
0.16227833129526686,0.08106589650197377,0.02222775900770236,0.02222775900770236
0.7064680087928846,0.7875527483609982,0.02220067075980747,0.02220067075980747
0.9381001303453053,0.8572515689891123,0.0221505697952422,0.0221505697952422
0.2986230492057159,0.37934042427004855,0.02212274098027026,0.02212274098027026
0.4348609598984027,0.3553253509515111,0.02187205052964454,0.02187205052964454
0.8901525276355883,0.9801826999577626,0.02409828360812087,0.019817300042237362
0.25528684001244867,0.8022795494615479,0.021845887966236984,0.021845887966236984
0.04013100301692711,0.11954319593724676,0.02184587003685571,0.02184587003685571
0.47569172895762446,0.39667075917190653,0.021762879077425537,0.021762879077425537
0.6220994936775618,0.7010162118463553,0.021740763969842477,0.021740763969842477
0.16443058883458264,0.24301085055224161,0.021669390778391095,0.021669390778391095
0.8072973513414526,0.8852794109650679,0.021542492951225595,0.021542492951225595
0.8195186742905864,0.23612641573017815,0.021328581540041656,0.021328581540041656
0.4060103810110409,0.482527404979498,0.02123171195729287,0.02123171195729287
0.7690940335522871,0.13401477421383978,0.021081635494703866,0.021081635494703866
0.07787740179131486,0.9796732943926546,0.02184166257608998,0.020326705607345397
0.22736322422994754,0.8270691313948332,0.021002054982583236,0.021002054982583236
0.7232490817299271,0.6481489694312864,0.02093113960227201,0.02093113960227201
0.7763820561685052,0.2777283086960259,0.02091535954883789,0.02091535954883789
0.6559114390850964,0.24880895480630255,0.020799596052131553,0.020799596052131553
0.2682925676112848,0.1943444937767946,0.020686755339215452,0.020686755339215452
0.18216158987992484,0.10838788402532731,0.02064976630491428,0.02064976630491428
0.10930213391853859,0.7962801761349212,0.020648754375053553,0.020648754375053553
0.8694674753201163,0.0364838550235366,0.020584173106133526,0.020584173106133526
0.7823153337042749,0.7095146038468726,0.020443366927249736,0.020443366927249736
0.6467470284301475,0.40544123997545695,0.0203978385302911,0.0203978385302911
0.8373002109068551,0.06982703035881545,0.020378380033234868,0.020378380033234868
0.3747026570060843,0.5324278701629475,0.020377804975943287,0.020377804975943287
0.8313233039751501,0.9036872269097679,0.020350706186098706,0.020350706186098706
0.28246476625764944,0.6251280667559894,0.02029689804787645,0.02029689804787645
0.2603431124539125,0.3324357231419848,0.02029315216729331,0.02029315216729331
0.22777212375672282,0.15642923051886934,0.020134113079386222,0.020134113079386222
0.6475954270392208,0.5763338272479819,0.02011686813517607,0.02011686813517607
0.9734746796954061,0.07757087795131108,0.020090165711324454,0.020090165711324454
0.8449285739882323,0.7743286296335563,0.019976509821375273,0.019976509821375273
0.36383702338362667,0.6863524833508718,0.01985967554109297,0.01985967554109297
0.6175460500040418,0.5475195609511195,0.01985486158160207,0.01985486158160207
0.18883626162092443,0.7214574961357293,0.019824216323329407,0.019824216323329407
0.4114377921122218,0.3417846937734211,0.01977565344980583,0.01977565344980583
0.5340959754068508,0.6036747636794753,0.01975988990429472,0.01975988990429472
0.7499939571629298,0.6808168347719329,0.019674683703693702,0.019674683703693702
0.0,0.9203654222735742,0.019604259535178165,0.019604259535178165
0.5081494112609921,0.5767940317027354,0.0195617229819,0.0195617229819
0.7344183737467336,0.17756103477025034,0.019529215024075303,0.019529215024075303
0.5999780639161267,0.6684511305938251,0.01952533093293174,0.01952533093293174
0.3413733344638957,0.40939702799668637,0.019430004493517533,0.019430004493517533
0.8584442712488385,0.9261464035739837,0.019361791060369733,0.019361791060369733
0.4252463316565271,0.6228769791308651,0.019303355994226525,0.019303355994226525
0.57901312295985,0.33461211138236413,0.019241183381806925,0.019241183381806925
0.7854238797886735,0.8521139427790482,0.019147098733475584,0.019147098733475584
0.04141054248339734,0.8727808158341346,0.019142107516160262,0.019142107516160262
0.18276900824658204,0.8647542236508271,0.019141785831131814,0.019141785831131814
0.3375522773494291,0.709966898045988,0.019140693625257905,0.019140693625257905
0.8855527317859321,0.8189376301034115,0.019131197038742505,0.019131197038742505
0.23130923200761475,0.2968472526569649,0.018902713648009824,0.018902713648009824
0.9689514200409619,0.9034676825111568,0.01889119845942953,0.01889119845942953
0.06728380083855476,0.0021758189273464994,0.018811488655635925,0.018811488655635925
0.4756828776435322,0.570600880259547,0.01880805968485604,0.01880805968485604
0.909480822466522,0.13659061158055893,0.018750891868065292,0.018750891868065292
0.14010393748830852,0.9059223551172992,0.018738737616044616,0.018738737616044616
0.7494444955795572,0.2963929001168102,0.01868787746258228,0.01868787746258228
0.8493357230046927,0.1961005019934464,0.018579862972781833,0.018579862972781833
0.08642142216731459,0.8310676862768114,0.018564976953379858,0.018564976953379858
0.6801489757257708,0.3649525746197009,0.01848975242378944,0.01848975242378944
0.6498875605646329,0.7132357912334082,0.0184381890446182,0.0184381890446182
0.30668096445487136,0.24344458406644498,0.018414462017104487,0.018414462017104487
0.3486231753889519,0.2853893499605383,0.018413920028239276,0.018413920028239276
0.13437406646813324,0.7839783509045782,0.018413891531901146,0.018413891531901146
0.9204574571308154,0.0,0.01835878931163955,0.01835878931163955
0.8068659380316253,0.11195970095134687,0.018331074264441378,0.018331074264441378
0.6864538636284866,0.7488104888587943,0.01822783776567762,0.01822783776567762
0.19287500048945797,0.13065496350255415,0.018198863023735246,0.018198863023735246
0.7666147671474349,0.8281177365928075,0.018046750027379606,0.018046750027379606
0.2690313186382597,0.7742039749625661,0.01798726614799742,0.01798726614799742
0.7607339321755733,0.16022870673782685,0.017957083535864435,0.017957083535864435
0.5145890340743241,0.40661905977180085,0.0179141271146613,0.0179141271146613
0.41448665122088973,0.506978929166734,0.017869065073300057,0.017869065073300057
0.4013301281186644,0.46196889600375657,0.017863425192303717,0.017863425192303717
0.7847183236848958,0.25778371385544846,0.01778983827099696,0.01778983827099696
0.8158517244185359,0.7557064389588026,0.017758741761493408,0.017758741761493408
0.5947747711113256,0.5347834975460575,0.017726070905005505,0.017726070905005505
0.871165011727902,0.17093800772454476,0.017682403367660932,0.017682403367660932
0.9517338349926238,0.09019222878939562,0.017634758371296737,0.017634758371296737
0.5682553243470888,0.47350018507498637,0.01758883691628026,0.01758883691628026
0.14269692452132807,0.08339645839428243,0.01757952851778714,0.01757952851778714
0.11749900437268432,0.17642014048255414,0.017499060469551353,0.017499060469551353
0.948404922630907,0.8894936026296612,0.017496978158459492,0.017496978158459492
0.7283613467246602,0.6695888245925246,0.017467534684120867,0.017467534684120867
0.4986273433876749,0.5568304086445988,0.0173467346387042,0.0173467346387042
0.8890003857128629,0.9471588428856943,0.017337271835076967,0.017337271835076967
0.6151019781923385,0.3094150956216942,0.017335031246934005,0.017335031246934005
0.560724580994652,0.6183060725328758,0.017214878941254144,0.017214878941254144
0.6231627081138651,0.41700097992910284,0.017160241869640307,0.017160241869640307
0.8888846532838586,0.1512415786942388,0.017150156891463184,0.017150156891463184
0.7313615354989919,0.7884542009851297,0.017111183276378977,0.017111183276378977
0.08101891209144588,0.13801820594178052,0.017091376161324893,0.017091376161324893
0.9810359152172808,0.05859436840539085,0.017016623687729035,0.017016623687729035
0.38355422532419403,0.6558401413800911,0.016953103481274885,0.016953103481274885
0.5861821966477879,0.45291525064250127,0.016873158462468008,0.016873158462468008
0.3244392061375536,0.6030481122182669,0.016815216573841125,0.016815216573841125
0.23428518732591908,0.8045815089471148,0.016811029165612962,0.016811029165612962
0.5635040086845622,0.36436985233812047,0.016747568759937416,0.016747568759937416
0.3539085062410747,0.5747045179811778,0.016618209755471264,0.016618209755471264
0.9172300870642208,0.9718470820840396,0.016586014263963705,0.016586014263963705
0.7100615193448321,0.21887900402389548,0.016560894992539096,0.016560894992539096
0.09602615084341184,0.04177097380255437,0.0165092610800201,0.0165092610800201
0.8669882386521578,0.8127661702695049,0.01650223767300036,0.01650223767300036
0.49153188283812466,0.4377864005426635,0.016401138496778645,0.016401138496778645
0.795022193509055,0.7414252372414123,0.016369631368342682,0.016369631368342682
0.19557163395774432,0.24910921877993417,0.01635703678283613,0.01635703678283613
0.5861409033026527,0.6394987686145602,0.016318912517506497,0.016318912517506497
0.667526764306969,0.6144249229494562,0.016264601635216865,0.016264601635216865
0.6883767219772337,0.2424965755959958,0.016222645270288695,0.016222645270288695
0.30870176614951494,0.6224214386829741,0.01617890965914696,0.01617890965914696
0.7659903953559545,0.7137857059496099,0.01607428696668915,0.01607428696668915
0.4410799866267066,0.5949471473928789,0.016046482130105563,0.016046482130105563
0.20507160730339996,0.1529982533044006,0.01604642651954602,0.01604642651954602
0.2328224525188829,0.18095139491637124,0.016003512973416203,0.016003512973416203
0.3996300282437947,0.6362161400913565,0.015997757444673917,0.015997757444673917
0.9238080400822878,0.11201057937933223,0.015990339959966807,0.015990339959966807
0.931813656257671,0.8801704749525221,0.015955173110875128,0.015955173110875128
0.3016528007333852,0.7338965202335144,0.015917831824054263,0.015917831824054263
0.7003341225583666,0.6490203973843076,0.01588528491155598,0.01588528491155598
0.06289345525488757,0.8699523365459454,0.015877444251425062,0.015877444251425062
0.13529842216220703,0.186561374338207,0.01587451433218737,0.01587451433218737
0.03913798390550041,0.09025236267350914,0.015842997152898993,0.015842997152898993
0.05375316190046007,0.9814431561142161,0.01582278641333294,0.01582278641333294
0.7925903579370835,0.1406481167977369,0.01580872184554634,0.01580872184554634
0.22305703639685714,0.7104542530768866,0.015760977256731087,0.015760977256731087
0.5754917304508733,0.5251163964963637,0.015686222073131195,0.015686222073131195
0.5329091760500483,0.4010487922492097,0.015682805172111288,0.015682805172111288
0.6562205007600104,0.37842419572208386,0.015674263306665572,0.015674263306665572
0.7331496142438605,0.20086441048118847,0.01567299488469643,0.01567299488469643
0.32094797897726157,0.7134616074771725,0.015610960354089914,0.015610960354089914
0.8185355293668869,0.21569441065872028,0.01556259087586057,0.01556259087586057
0.15898489392874332,0.10921495470873704,0.015557798456512624,0.015557798456512624
0.04111046088494574,0.8941040396360004,0.015462902777928507,0.015462902777928507
0.28547714817586717,0.6497665984191828,0.015457784499539058,0.015457784499539058
0.340738887507624,0.39000073453016443,0.015450015825023797,0.015450015825023797
0.44452853696527544,0.3954602230108301,0.015408961261573647,0.015408961261573647
0.721195054877466,0.3123432067022398,0.0153763576968922,0.0153763576968922
0.3994662478390761,0.5367629936200655,0.015285315639347458,0.015285315639347458
0.188649815795679,0.8445065386122291,0.015273529876976551,0.015273529876976551
0.6042121247456218,0.6525791011541339,0.01526018510118458,0.01526018510118458
0.2654016255165276,0.31357255135080553,0.01521859649403565,0.01521859649403565
0.0093128851021059,0.0574510188855015,0.015211640249571279,0.015211640249571279
0.7575339623452779,0.275085805931536,0.015129055025148823,0.015129055025148823
0.6037413706314816,0.33348065970700347,0.015111570272760388,0.015111570272760388
0.8554181947818291,0.9028007895772208,0.01505136622701075,0.01505136622701075
0.3529108515799151,0.30579421317634803,0.014994948356563037,0.014994948356563037
0.3705681292708172,0.41759880206765027,0.014976712297521889,0.014976712297521889
0.6663292446763528,0.27166508557721836,0.01497641209899989,0.01497641209899989
0.8623300291448015,0.07624235711662268,0.014875248039770396,0.014875248039770396
0.115984988759855,0.822666034857235,0.01486148592330045,0.01486148592330045
0.4172326879070344,0.3717656661987736,0.01464501181108015,0.01464501181108015
0.4766010223494402,0.43117627287867183,0.014636044515344088,0.014636044515344088
0.23025089608131175,0.2752853392622212,0.014553248048054395,0.014553248048054395
0.34038685079717707,0.6900441121495059,0.01453972312216897,0.01453972312216897
0.6462954963810716,0.691249334817306,0.014536149199587723,0.014536149199587723
0.0844571246312847,0.8562580334214411,0.0145002471930261,0.0145002471930261
0.7510030372156391,0.706279163335233,0.014487366350530113,0.014487366350530113
0.1641634145589219,0.7769068398034785,0.014438102723258347,0.014438102723258347
0.43645917223972525,0.4808842361899987,0.014423979192165315,0.014423979192165315
0.34213813458234354,0.5990184615550663,0.0144229922766539,0.0144229922766539
0.8105188194660429,0.13066948424439684,0.014417443217821468,0.014417443217821468
0.9455459020179383,0.0,0.014332316730492897,0.014332316730492897
0.3858805827824852,0.42966148785511843,0.014287332459003033,0.014287332459003033
0.7270404567478937,0.7707510924996046,0.014272426085002971,0.014272426085002971
0.20028200251640668,0.8291135449605099,0.014260939367043698,0.014260939367043698
0.275969070321375,0.7533957596468414,0.014252668733009694,0.014252668733009694
0.8046664314348956,0.848260479856074,0.014247694177396991,0.014247694177396991
0.21222914721208255,0.25580401414017395,0.014243625168246465,0.014243625168246465
0.2648554751468781,0.6773660737534687,0.014236617698891958,0.014236617698891958
0.24069588577875306,0.788548856400652,0.014220335311608264,0.014220335311608264
0.0,0.04128425631461429,0.014188615041981226,0.014188615041981226
0.4412063372594476,0.5013957478855993,0.01417002105310881,0.01417002105310881
0.5601957410288936,0.5169966870686681,0.0141639031988357,0.0141639031988357
0.11210430266510077,0.1550428658706874,0.01410864476512325,0.01410864476512325
0.16277344231232152,0.8660237677272563,0.014099838086944965,0.014099838086944965
0.2619834190112053,0.21958258236969944,0.013994575735157541,0.013994575735157541
0.49337039384555836,0.5357459832657593,0.013989219990740293,0.013989219990740293
0.8547511081989787,0.1734894841853314,0.013949969783219923,0.013949969783219923
0.45715161907109136,0.5709688392254764,0.013917623895914479,0.013917623895914479
0.8811075579573312,0.8390937824551132,0.013912467668260282,0.013912467668260282
0.3840907988782018,0.3422844975985569,0.013868455739349434,0.013868455739349434
0.827546589918772,0.8692832142096705,0.013853675017978857,0.013853675017978857
0.365552886170473,0.6619944331244612,0.013763307249360791,0.013763307249360791
0.9529116372767857,0.07462777840663898,0.013761179216160605,0.013761179216160605
0.5718219412894718,0.455675677776939,0.013749925552116661,0.013749925552116661
0.6288963747391123,0.3982980461109968,0.013668289977068721,0.013668289977068721
0.6182414226235381,0.5775156300213344,0.013639245235464541,0.013639245235464541
0.6335173777982794,0.5928349683469436,0.013630042279414167,0.013630042279414167
0.9342103551273195,0.09278447275244422,0.013614549928369177,0.013614549928369177
0.31433903098594196,0.3545926287799348,0.013539077590186452,0.013539077590186452
0.8470899813437275,0.09913298777701389,0.013536339686590758,0.013536339686590758
0.8827715271778601,0.9228157659659291,0.01349466583834908,0.01349466583834908
0.7836066568063419,0.24236575766140686,0.01333926695393543,0.01333926695393543
0.8012264734241433,0.22457930948750512,0.013294401706806663,0.013294401706806663
0.18237992202714542,0.7652759876746216,0.013285564530132094,0.013285564530132094
0.25259525389339565,0.773121515022908,0.013270434848472484,0.013270434848472484
0.6805874749920593,0.7195710231334782,0.013269659373652876,0.013269659373652876
0.26033330250383024,0.2990769571134517,0.013218770270723833,0.013218770270723833
0.9132274516675063,0.03482222307150281,0.013216652748213226,0.013216652748213226
0.7272000071753338,0.22086251440116633,0.013214404457024827,0.013214404457024827
0.650494148566032,0.29761154052111805,0.013206849824697064,0.013206849824697064
0.408544544930953,0.6168462257040607,0.013182660396886453,0.013182660396886453
0.9438597041997694,0.9878926393101699,0.01434079610363342,0.012107360689830093
0.40041203063519576,0.3619789244042109,0.013152893011397694,0.013152893011397694
0.1661012056213744,0.12780006208825576,0.013124899495840243,0.013124899495840243
0.02376467095282654,0.9249783817941091,0.013095306489530029,0.013095306489530029
0.38677379565371406,0.5620576966996544,0.013079828906974244,0.013079828906974244
0.11610658100608905,0.07834428644744061,0.01301059236667525,0.01301059236667525
0.8721076643624792,0.15244838905068675,0.01295791428446167,0.01295791428446167
0.9351620938738653,0.9725194225799538,0.012924686136527013,0.012924686136527013
0.8243338513008363,0.20004037257393148,0.012908957007902164,0.012908957007902164
0.5948358192163935,0.35516231687125543,0.012875657660190037,0.012875657660190037
0.27489782997364165,0.2379922416469372,0.012828857530847539,0.012828857530847539
0.13513204484867644,0.8151697060807337,0.012822522826510235,0.012822522826510235
0.12127783688954287,0.9025778314767026,0.012769336868810183,0.012769336868810183
0.1930956148041719,0.2297128508599606,0.01276768877700702,0.01276768877700702
0.5409531492111167,0.4827351259082493,0.012724266537807533,0.012724266537807533
0.33291007765407177,0.3693183641817557,0.012723363888532433,0.012723363888532433
0.8778890765405609,0.07310693432475172,0.012701022223935116,0.012701022223935116
0.297251179911565,0.3333210198436847,0.012651568523694534,0.012651568523694534
0.6819550526903683,0.26951533985427245,0.012618001935843708,0.012618001935843708
0.701303568696274,0.6656715429272874,0.012558694114599268,0.012558694114599268
0.533873563936967,0.5693177959374323,0.012518857040443455,0.012518857040443455
0.10066987289882466,0.8514798201782172,0.012499119339069593,0.012499119339069593
0.31063910973182185,0.6417625080424418,0.012455030661424345,0.012455030661424345
0.6704859182246393,0.6354314912996306,0.012436166896784579,0.012436166896784579
0.6418631936556816,0.3806920889884853,0.012419210349265124,0.012419210349265124
0.9529424231088792,0.918115472119015,0.012387911963895366,0.012387911963895366
0.7502096576239408,0.2028332209194809,0.012342805303411735,0.012342805303411735
0.22827020013390623,0.26278787317174357,0.012322304202750455,0.012322304202750455
0.9683540439564116,0.05371463641303383,0.012288193560970509,0.012288193560970509
0.9051211000728596,0.04837808906173587,0.012262947588855674,0.012262947588855674
0.3076749913952911,0.7142065731751417,0.012237812968237262,0.012237812968237262
0.7601103335951283,0.261703761223995,0.012219646858905628,0.012219646858905628
0.10870833718803065,0.14258765791602182,0.01218688922862695,0.01218688922862695
0.5807042332400977,0.37340645338073375,0.012155931024585339,0.012155931024585339
0.9868988295789178,0.03462552726821398,0.012141635430457123,0.012141635430457123
0.358930224762382,0.5955358308578209,0.012093738832112028,0.012093738832112028
0.8198961945901447,0.8531707701602201,0.012058603408011365,0.012058603408011365
0.526657583751263,0.4280489390710609,0.012051655300503256,0.012051655300503256
0.07304648929916101,0.9481022451747132,0.012040499781257803,0.012040499781257803
0.13356205617982508,0.8874840661927904,0.012012871657335118,0.012012871657335118
0.17429606693775043,0.14132864158565292,0.011993447007418834,0.011993447007418834
0.9907677280361143,0.9413916035021229,0.009232271963885652,0.015474257746009041
0.28937250991581565,0.7313471129322622,0.011924962246905119,0.011924962246905119
0.36852381593477546,0.400870346487024,0.011861735330405833,0.011861735330405833
0.22803198173117228,0.7924315085169802,0.011855999004513857,0.011855999004513857
0.8950852154356687,0.12533940330922116,0.01184553292209247,0.01184553292209247
0.06937097403795317,0.10122220096911799,0.011756665565641467,0.011756665565641467
0.05804573203265727,0.9619262866720799,0.011723671174370925,0.011723671174370925
0.2492587199435452,0.21766282279451077,0.011702501939526485,0.011702501939526485
0.7922061311993734,0.16476744345825045,0.011654904530635085,0.011654904530635085
0.9002322422694672,0.9314878791964757,0.01163032184641772,0.01163032184641772
0.3415678054738016,0.6157110247418829,0.011601482559517675,0.011601482559517675
0.8287919430272013,0.12858481379041786,0.011584344682869605,0.011584344682869605
0.7358008012341413,0.7050898056846522,0.011514785963010084,0.011514785963010084
0.09265051649335686,0.12325474466971663,0.011492137182945318,0.011492137182945318
0.4442491629101465,0.41404444457857537,0.011407388346825071,0.011407388346825071
0.7241484138779108,0.6940172589045529,0.011391783201993244,0.011391783201993244
0.5937723495332567,0.5638904763356194,0.011338902551781768,0.011338902551781768
0.1657720849585223,0.8526549902841671,0.01130769792268373,0.01130769792268373
0.6988930447351253,0.31949636593081343,0.011297556803057506,0.011297556803057506
0.4583269226554792,0.42866911900927124,0.01129137022199982,0.01129137022199982
0.6356269882212066,0.6652039006743442,0.011274210608652354,0.011274210608652354
0.4765819758951724,0.5417025123976735,0.011269306642593853,0.011269306642593853
0.6994313279325831,0.7288039296139962,0.01123086974900558,0.01123086974900558
0.4370431640217939,0.46630732705965816,0.01120786643894675,0.01120786643894675
0.14657707921113053,0.8713982555787638,0.01118606761731404,0.01118606761731404
0.15383535859252734,0.18287031696030026,0.011159244785996395,0.011159244785996395
0.35653566005348747,0.3853509685478612,0.011112650011506194,0.011112650011506194
0.2613102613049995,0.6987720804945646,0.011110847382183332,0.011110847382183332
0.06849763194145349,0.8916009325716232,0.011108008287825072,0.011108008287825072
0.8926775352567853,0.0675689873350363,0.01108211453421247,0.01108211453421247
0.18672699274439075,0.830798776797515,0.01106502298193069,0.01106502298193069
0.6722762691120586,0.2880682614699374,0.011064962414022942,0.011064962414022942
0.2555168856712985,0.2840685607223402,0.011056724912847912,0.011056724912847912
0.6230600335935852,0.6515598436618288,0.011045722688535098,0.011045722688535098
0.4386428436028985,0.5787352378854327,0.011025258238825275,0.011025258238825275
0.7423930222500934,0.27482775700893003,0.010982904896175403,0.010982904896175403
0.3059455497195431,0.6549934891593023,0.010960919083034537,0.010960919083034537
0.9215973672351135,0.9496861404239072,0.010958528599102086,0.010958528599102086
0.3758640536158456,0.5854063834127661,0.010902921965807062,0.010902921965807062
0.32252775258747285,0.29490186269639745,0.010860336223487688,0.010860336223487688
0.1245572501863189,0.09704755709461542,0.010835687160051271,0.010835687160051271
0.19601035115837032,0.7656760730424133,0.010830121146591282,0.010830121146591282
0.7703421496188663,0.19147864413042326,0.010806605485861124,0.010806605485861124
0.8827721936150976,0.8555702896460432,0.01077039522731111,0.01077039522731111
0.7305685997589386,0.757735735789634,0.01076301983381664,0.01076301983381664
0.552643084020779,0.40945292450446485,0.010758440872887232,0.010758440872887232
0.05509023616607689,0.08206760996887175,0.010722765186368166,0.010722765186368166
0.5310667762584567,0.5579471712367211,0.01070219287103108,0.01070219287103108
0.7558830903082732,0.7825123119001991,0.010648910949611009,0.010648910949611009
0.3283064759197628,0.6345869104504905,0.010618893876670667,0.010618893876670667
0.8371863684784735,0.8107881607789207,0.010599905502657398,0.010599905502657398
0.8487852322237059,0.8225574733202629,0.01056374785278514,0.01056374785278514
0.9235343856220146,0.0921233665292097,0.010562062655356658,0.010562062655356658
0.29081637938000476,0.31693951782378155,0.010541554501840866,0.010541554501840866
0.294516699513629,0.7208452308170319,0.010482413161609683,0.010482413161609683
0.8369186646192355,0.1783722257466445,0.010463285778714724,0.010463285778714724
0.4246977633703778,0.45024112672622474,0.010418565632969402,0.010418565632969402
0.717195974092431,0.7426658535224937,0.01040297733830034,0.01040297733830034
0.582230643504746,0.606874731287646,0.010227800476233569,0.010227800476233569
0.6214965516110407,0.5969607501765221,0.010204829472858418,0.010204829472858418
0.5496911813678862,0.4645066731916616,0.010168987851483215,0.010168987851483215
0.5540880845680956,0.5783543055695688,0.010147642827173953,0.010147642827173953
0.9404884298407726,0.07345414482378816,0.010100254198364661,0.010100254198364661
0.6160967432433332,0.397697849705865,0.010060410387350362,0.010060410387350362
0.34662890229174104,0.3228673526932767,0.010040585855772381,0.010040585855772381
0.6318835699217255,0.60823377538507,0.010016879027161297,0.010016879027161297
0.005101590571689726,0.9613027999747346,0.010004442284423792,0.010004442284423792
0.08859493824348015,0.8778461225337085,0.009998024723933836,0.009998024723933836
0.34840751998320596,0.6650586149457174,0.009971973655461566,0.009971973655461566
0.17498550665613138,0.7918704552609214,0.009925413968371405,0.009925413968371405
0.024927215195099967,0.9419291667684888,0.00992534045713361,0.00992534045713361
0.47191015826600113,0.4487793307033885,0.009906789507194036,0.009906789507194036
0.04676063733080732,0.920201869434735,0.009906767835095805,0.009906767835095805
0.8031570538849818,0.7802327507892666,0.009862979051886807,0.009862979051886807
0.9369285017038802,0.9597838999889285,0.009848362134223129,0.009848362134223129
0.8617988427349046,0.8389856221284168,0.009839414897465676,0.009839414897465676
0.1973607621550006,0.8155575043769628,0.009824461073817955,0.009824461073817955
0.5993603473712461,0.6218691821948865,0.009774844922121202,0.009774844922121202
0.6755437036737204,0.6530617630984694,0.009769139790497879,0.009769139790497879
0.966477803314611,0.9441445955129337,0.009737588804664283,0.009737588804664283
0.31172707958302437,0.2894624388418173,0.009723043534636936,0.009723043534636936
0.7093768850237111,0.6871803894338672,0.009708587765046767,0.009708587765046767
0.8334886470434211,0.8556307751817391,0.009697054686951864,0.009697054686951864
0.9257580117319547,0.903702221357,0.009678739681567834,0.009678739681567834
0.12730595895896077,0.841088224434826,0.00965621387968389,0.00965621387968389
0.6781893336320155,0.700125931995489,0.00965345523769335,0.00965345523769335
0.6569146318063721,0.3115777282742021,0.009639032236344502,0.009639032236344502
0.14263191439934453,0.120845296228428,0.00962163963433314,0.00962163963433314
0.30938835180191565,0.7026708438415216,0.009593157780391017,0.009593157780391017
0.5971965333214374,0.41485064807545424,0.009589922966092058,0.009589922966092058
0.8111418601154515,0.1576730091290006,0.00958259075712215,0.00958259075712215
0.45890826433280935,0.5530891248273501,0.009576516495802946,0.009576516495802946
0.8022585088052967,0.8238222300311426,0.009574356051923567,0.009574356051923567
0.06584575157088164,0.04437925294919382,0.009553732023118138,0.009553732023118138
0.27673996178680615,0.2980498162649028,0.009520502782268195,0.009520502782268195
0.1700849758578563,0.1913288812858972,0.009506512876116025,0.009506512876116025
0.7599162106162232,0.2516597178512359,0.009463038961441569,0.009463038961441569
0.2453764250631019,0.266248179306052,0.009427567688134726,0.009427567688134726
0.6866991300389216,0.2830698853050319,0.009415608161643108,0.009415608161643108
0.8845794186052345,0.12680204999232295,0.00941068099081496,0.00941068099081496
0.9907749726100186,0.9691023558550509,0.009225027389981433,0.009597456282048451
0.930795619905241,0.08053513982280401,0.009397027718796495,0.009397027718796495
0.19616000401067296,0.17551700313069635,0.009379041771881397,0.009379041771881397
0.7437656656859083,0.7231875227779628,0.00936528331833025,0.00936528331833025
0.1442139570154152,0.1644092143049,0.009284061013160524,0.009284061013160524
0.42350297611442117,0.54715905329077,0.009259324123147679,0.009259324123147679
0.520810927442903,0.5008958476211824,0.00922462639694301,0.00922462639694301
0.8474809628696023,0.16292830987499357,0.009148919003941214,0.009148919003941214
0.25071357605032796,0.7209282184507932,0.009087858014588775,0.009087858014588775
0.7229614040883588,0.28710134554094596,0.009055618277672987,0.009055618277672987
0.750258851918503,0.25978051387440465,0.00904932222173176,0.00904932222173176
0.5294497888788163,0.5484759484956845,0.009036057945507537,0.009036057945507537
0.08714749913992283,0.06836537532172339,0.008984290135080257,0.008984290135080257
0.9544830398118183,0.9730903300244759,0.008947202326662903,0.008947202326662903
0.10292223141118093,0.08449798398460759,0.008908373088076639,0.008908373088076639
0.2698947413012324,0.739558508996691,0.00889151167765549,0.00889151167765549
0.7936272161521799,0.7753367163852537,0.008880000924945326,0.008880000924945326
0.4807879897828338,0.5285536753764788,0.008861467579545663,0.008861467579545663
0.37480265077590086,0.35661642979048164,0.008857880054884122,0.008857880054884122
0.7691339928926313,0.7510753566161442,0.008830815251025598,0.008830815251025598
0.5659476714272808,0.4072157723885364,0.008821558176325446,0.008821558176325446
0.8627481431528503,0.8807154738321123,0.008811446408938169,0.008811446408938169
0.4383927728613706,0.45627281526626834,0.008792929769721859,0.008792929769721859
0.5300616543766898,0.4434090394250498,0.008767787165641618,0.008767787165641618
0.8547140967346673,0.1541726024333663,0.00873896880373377,0.00873896880373377
0.5495754976954172,0.5671289246782261,0.00872364417578211,0.00872364417578211
0.7106406541290311,0.2633198544952839,0.008682065963804185,0.008682065963804185
0.2113217461084133,0.19416490649585189,0.008639515290131648,0.008639515290131648
0.4911720104547183,0.47403548118790234,0.008635206815170188,0.008635206815170188
0.726713167901724,0.7095858585164438,0.008633250982943482,0.008633250982943482
0.3391842677734002,0.6692723798715821,0.008623178203733723,0.008623178203733723
0.5533020840937941,0.42101038327471174,0.008620470591106818,0.008620470591106818
0.6193938224080892,0.35509600990469686,0.008589430419419937,0.008589430419419937
0.6203402633390097,0.637211987348627,0.00857903313725249,0.00857903313725249
0.8211796597027602,0.8379444561415649,0.00855635037412726,0.00855635037412726
0.6747252077880386,0.33323118859414064,0.008488486449918325,0.008488486449918325
0.41151916622216883,0.4279518583636048,0.008485900413908083,0.008485900413908083
0.4741646787002804,0.49047502416748107,0.008459946765005857,0.008459946765005857
0.1384172454358644,0.8368426272110469,0.008454667688971258,0.008454667688971258
0.18887289862417328,0.8189521654920305,0.008453125473241037,0.008453125473241037
0.8866449999569174,0.8704968213029078,0.008425545989018585,0.008425545989018585
0.14685252607124755,0.8608563070842489,0.008421830495877832,0.008421830495877832
0.6196113412322203,0.38808298441938455,0.008417924376517534,0.008417924376517534
0.5972588457233431,0.613301285593155,0.008403115405616442,0.008403115405616442
0.4730934583044296,0.5029661872365906,0.00831470154152077,0.00831470154152077
0.260705662397882,0.24519430744300527,0.008290455282195474,0.008290455282195474
0.19706894814103545,0.7794656628578526,0.008231579087884928,0.008231579087884928
0.3248078478752706,0.33999322197963777,0.008221304301215785,0.008221304301215785
0.4229553637317701,0.4080319585744667,0.00816573229553706,0.00816573229553706
0.0,0.9774638246241193,0.008161146143821936,0.008161146143821936
0.5834089378372364,0.39374403187059387,0.00812336175910245,0.00812336175910245
0.5330346962440697,0.5183116051110768,0.008123239274050066,0.008123239274050066
0.6613771314090545,0.34521667210517687,0.008121610768102257,0.008121610768102257
0.3181049650640314,0.6591542104614978,0.008104774958712454,0.008104774958712454
0.36640463112785254,0.6400359244691619,0.008080349041699304,0.008080349041699304
0.07582131557123616,0.09024499649383842,0.008059724777012929,0.008059724777012929
0.3164715454335433,0.33076126110993254,0.008031306456800768,0.008031306456800768
0.054697366103464685,0.04060142125367331,0.00799020145715572,0.00799020145715572
0.13403219104304814,0.8720691676613886,0.007989020887735206,0.007989020887735206
0.6394937504992452,0.3664242457946072,0.007939650888093343,0.007939650888093343
0.7563849974042332,0.7700703223068196,0.007903095812408008,0.007903095812408008
0.5172189733536581,0.46137291533322383,0.007871540338953438,0.007871540338953438
0.08473210903152684,0.9209077100749086,0.007864752180122732,0.007864752180122732
0.040418796458503194,0.9383256920135125,0.007844834252532835,0.007844834252532835
0.09206754710114004,0.1054273357585391,0.0078340391464598,0.0078340391464598
0.03476033020703825,0.9707286367780323,0.007824135517448944,0.007824135517448944
0.9542907215750113,0.051167767109707954,0.007815929289833184,0.007815929289833184
0.1050772458101261,0.1183387848198829,0.007813197248830691,0.007813197248830691
0.23434252664315283,0.22151847768227642,0.0077203915947512015,0.0077203915947512015
0.5887658662242297,0.5760026885133094,0.007707478852664219,0.007707478852664219
0.4579299470496522,0.4453516137617841,0.007668267429162791,0.007668267429162791
0.45605243076005464,0.468625445736935,0.007667139245033639,0.007667139245033639
0.8766369037172578,0.12823473748988762,0.007657921660759653,0.007657921660759653
0.733215149139358,0.7456792813354932,0.007644041719247825,0.007644041719247825
0.6329334824438396,0.6206391379091887,0.007608024317208629,0.007608024317208629
0.9056917158777432,0.07464363774185616,0.007566421133682907,0.007566421133682907
0.7513576675052023,0.7393060118931775,0.007556542222336322,0.007556542222336322
0.42710822256778785,0.439064217325245,0.007536249490648635,0.007536249490648635
0.8362198579967124,0.14430580025121023,0.007533116421977133,0.007533116421977133
0.30076995266314105,0.6800519084018783,0.007481278747209231,0.007481278747209231
0.6519598429540558,0.6636118530401632,0.007471764603902177,0.007471764603902177
0.1640323469471592,0.8168907777863857,0.007463556859327498,0.007463556859327498
0.27812256438638894,0.7260211354594476,0.007461924756963607,0.007461924756963607
0.8132342955729004,0.8246728397947113,0.007426481655843416,0.007426481655843416
0.27747034886180455,0.703774034194667,0.007407334286485141,0.007407334286485141
0.38367163612460703,0.5976045795018226,0.007401763352269537,0.007401763352269537
0.3536477347617338,0.34241069055975176,0.007383737046714344,0.007383737046714344
0.23216921399954904,0.7716388388176939,0.007371552397499955,0.007371552397499955
0.4942725740745651,0.5094985322811009,0.007361604629094189,0.007361604629094189
0.15069449795348341,0.8308206043678088,0.00735995642107274,0.00735995642107274
0.7309480204694598,0.2727329597456804,0.007337338327667954,0.007337338327667954
0.4430029896172988,0.5386415425644647,0.007337305242133492,0.007337305242133492
0.1633825043303521,0.1524481242944207,0.007319532281443368,0.007319532281443368
0.8622471436354385,0.11962627912343662,0.007297247705172663,0.007297247705172663
0.7351952628682275,0.2471819264258086,0.007209084850867016,0.007209084850867016
0.019560004295994183,0.029871967638734943,0.007187497762099727,0.007187497762099727
0.1780401198896124,0.8046023184402321,0.0071626643158244924,0.0071626643158244924
0.06898137503410244,0.058814716647907314,0.007156673926065695,0.007156673926065695
0.9308796621839438,0.0518155535914271,0.007153427874108309,0.007153427874108309
0.24739961479841852,0.25752235244566873,0.007147356930362901,0.007147356930362901
0.46941721571549105,0.5134956203859378,0.007115342714096518,0.007115342714096518
0.6952358152619882,0.6852919435182875,0.007109413742366028,0.007109413742366028
0.5956205686319539,0.4071981615246481,0.007105179048426603,0.007105179048426603
0.026511146070672655,0.9762635043390011,0.007093310655754843,0.007093310655754843
0.44699640138232527,0.4372304762887675,0.007071665557464369,0.007071665557464369
0.7428269386748887,0.25970264589634223,0.0070273271190113935,0.0070273271190113935
0.8933890337841672,0.09023954719774217,0.006990082087966055,0.006990082087966055
0.3105730225549427,0.30141807912457796,0.006942056774297038,0.006942056774297038
0.5297427754326366,0.5387368041616561,0.006907921611342894,0.006907921611342894
0.3813404056804881,0.6206041282874387,0.00686980329510692,0.00686980329510692
0.5441827497241771,0.4403286593211523,0.006835580674116921,0.006835580674116921
0.07705715632089648,0.06840770171368792,0.0068348264018967195,0.0068348264018967195
0.9116456290998485,0.09007235077863776,0.006808804013526289,0.006808804013526289
0.05877984065940145,0.050680200866584535,0.006718193066800773,0.006718193066800773
0.5641430110862542,0.43720811449073527,0.006710029151896858,0.006710029151896858
0.5720385805868486,0.5640064591185813,0.0067038702672577565,0.0067038702672577565
0.6676942150722446,0.6756421663832649,0.006686015080568898,0.006686015080568898
0.6913404778659491,0.6991238739422266,0.006651107643858984,0.006651107643858984
0.065379023940978,0.07314719214492343,0.0066478773243222634,0.0066478773243222634
0.3731126410953834,0.6277525579094179,0.006579194295295405,0.006579194295295405
0.5971503602070171,0.5898198962613133,0.006555026229575191,0.006555026229575191
0.9626972008468515,0.9553782989941194,0.0065525735392716845,0.0065525735392716845
0.7415122590583691,0.7488261904870309,0.006551519153102044,0.006551519153102044
0.4950322224225476,0.4877412386102236,0.006546651228564677,0.006546651228564677
0.5636314760969603,0.4225400214944959,0.006545052950635039,0.006545052950635039
0.13383391436590958,0.8523459973438066,0.006543580417962675,0.006543580417962675
0.8516998179242516,0.8446135437770442,0.006503225750851167,0.006503225750851167
0.5214883123106261,0.5145138228565778,0.006479512636481495,0.006479512636481495
0.7049585375986911,0.6981481568964342,0.006444699913108372,0.006444699913108372
0.6102263341716815,0.6036384948136531,0.006397491765028858,0.006397491765028858
0.945488988302747,0.05467056484873817,0.006389200416972891,0.006389200416972891
0.935451410883722,0.0646484096693776,0.006373117522166344,0.006373117522166344
0.021290513474173364,0.9659872345722589,0.006351450972574974,0.006351450972574974
0.25368606047001485,0.24732332758561767,0.006349739470830763,0.006349739470830763
0.3620966885439918,0.355844110414812,0.006326372118512514,0.006326372118512514
0.29327307763922955,0.694207271482097,0.006315994292145872,0.006315994292145872
0.2666372141493002,0.26046090751799433,0.00631019249050515,0.00631019249050515
0.37153464325964214,0.6163897832125044,0.006238277484759537,0.006238277484759537
0.9429045462260135,0.948701428367534,0.006229704401602505,0.006229704401602505
0.4399477177227432,0.4456691802203133,0.006213705479100907,0.006213705479100907
0.14514659738536778,0.15083678992468202,0.006207072119241863,0.006207072119241863
0.22507342455857662,0.23068930053345574,0.006191307195241895,0.006191307195241895
0.9096991954908762,0.9041398914927977,0.006179306466715635,0.006179306466715635
0.4167600518387079,0.5715414293452438,0.006172290132877341,0.006172290132877341
0.11621085258181779,0.12165231112437919,0.006154307670497191,0.006154307670497191
0.3962361217334716,0.6029415431470296,0.006124828763958896,0.006124828763958896
0.016748814694442987,0.021980489591942636,0.006109805839095631,0.006109805839095631
0.10938247110863218,0.8793343220743141,0.006099607473940822,0.006099607473940822
0.19020320121658166,0.7985259455592146,0.006097445504197725,0.006097445504197725
0.931344620847955,0.9364666423603442,0.00608654484343812,0.00608654484343812
0.5090277605034093,0.48985769061987205,0.006046150734785328,0.006046150734785328
0.2806568233803986,0.28557566225005054,0.006043443296088458,0.006043443296088458
0.8352188541886824,0.16362907968230433,0.006036049282004212,0.006036049282004212
0.04859128784792391,0.9406436430187664,0.0060089295627778275,0.0060089295627778275
0.8844203355476736,0.1141764243401559,0.005968421138269662,0.005968421138269662
0.2949232182072763,0.29941179684088604,0.005952171316914346,0.005952171316914346
0.1406800089354445,0.8489645493436341,0.005937241748369,0.005937241748369
0.5819025696216027,0.4077926081274539,0.0059283829682690815,0.0059283829682690815
0.9531017205958568,0.03685186816609515,0.005883159137603948,0.005883159137603948
0.40462955695263925,0.5853721705632741,0.005874734501079421,0.005874734501079421
0.8826063387399804,0.8863162842216391,0.005786998282373985,0.005786998282373985
0.2472505205895076,0.7505888403378566,0.005764492828820929,0.005764492828820929
0.24727084087236806,0.24378543864029179,0.00573936546603916,0.00573936546603916
0.4793573080181136,0.5114717381047853,0.0057299476509788515,0.0057299476509788515
0.8016573762880564,0.8050588155873702,0.0057215542383017475,0.0057215542383017475
0.710101101590571,0.28081579589977723,0.00571457301457806,0.00571457301457806
0.5515614169701963,0.5482437006970772,0.005703793902432653,0.005703793902432653
0.38664649535368945,0.38992466455328156,0.005695404701272534,0.005695404701272534
0.8966763763723669,0.8935732795911792,0.005658266232996796,0.005658266232996796
0.6115822018391304,0.6146175036962974,0.005643884757845287,0.005643884757845287
0.6785623274318803,0.6755640355138037,0.005636033764174626,0.005636033764174626
0.16458102257120905,0.8269644866276563,0.005604561335348264,0.005604561335348264
0.8234155825188029,0.1737280076265311,0.005577157795701705,0.005577157795701705
0.6205000568818835,0.6177821203240073,0.00557656141127273,0.00557656141127273
0.4125620478866959,0.5795104610928181,0.005512332491950413,0.005512332491950413
0.8000794622245511,0.7977354998312329,0.005497229510948471,0.005497229510948471
0.6661347833860282,0.6637994858037312,0.0054953914269592246,0.0054953914269592246
0.3289749603402052,0.32669733516045735,0.005483157262880276,0.005483157262880276
0.6021323920049992,0.6043569868454605,0.005471907829124829,0.005471907829124829
0.6459771124712785,0.6437625430019613,0.005469781126748875,0.005469781126748875
0.5994456420671461,0.39722817251769565,0.0054506715699843234,0.0054506715699843234
0.24109651149269432,0.7552534002792286,0.005363461319492786,0.005363461319492786
0.2696022140279941,0.26793524119928924,0.00535361833736928,0.00535361833736928
0.9228818045850428,0.07334622557166597,0.0053306449135549746,0.0053306449135549746
0.3634902383961489,0.632732713176595,0.005329277513946014,0.005329277513946014
0.17452319445547554,0.821643463421463,0.005314120537481255,0.005314120537481255
0.7365180881284451,0.25950379458352507,0.005275140084400075,0.005275140084400075
0.9648629581612386,0.963710977896344,0.005244371917130027,0.005244371917130027
0.8907481787553085,0.1029049629132831,0.005235710128709481,0.005235710128709481
0.3363765124228087,0.6594648503481566,0.005226535414586065,0.005226535414586065
0.5216370565478398,0.47210688286037167,0.005219819855476411,0.005219819855476411
0.7523323774487768,0.24335357355451828,0.0051846910753358885,0.0051846910753358885
0.008527366469204786,0.9868706645290732,0.00510716913122929,0.00510716913122929
0.2217118201025405,0.7729717165000165,0.005055383425564259,0.005055383425564259
0.014963110672580245,0.980158874809842,0.005032844371996965,0.005032844371996965
0.39977152251927345,0.5951309700339792,0.005017064521402865,0.005017064521402865
